957 -14254 
65 -198 
165 -200 
165 -696 
10927 -12634 
97 -68 
65 -2570 
97 -1084 
397 -98 
491 -98 
297 -96 
423 -1040 
449 -1042 
449 -2012 
489 -1012 
481 -2004 
479 -1020 
481 -1012 
487 -2010 
483 -3990 
527 -1018 
479 -2000 
515 -1008 
485 -1010 
481 -1980 
489 -1008 
481 -1022 
477 -1992 
507 -1968 
517 -988 
479 -1006 
505 -986 
505 -1016 
467 -1010 
505 -1000 
471 -1018 
515 -1992 
489 -1996 
483 -1006 
481 -986 
517 -1988 
461 -1006 
507 -1972 
471 -1042 
499 -1972 
503 -1980 
481 -1996 
481 -1992 
487 -1006 
479 -1018 
479 -1968 
519 -994 
513 -2002 
477 -1008 
487 -1008 
481 -1980 
509 -3992 
541 -996 
481 -1998 
487 -1002 
479 -1010 
483 -1994 
491 -1010 
481 -1020 
477 -2004 
481 -2012 
477 -984 
511 -1012 
459 -1040 
479 -984 
511 -1008 
471 -1030 
487 -996 
515 -2000 
477 -1998 
447 -1020 
481 -1022 
477 -1992 
483 -1000 
515 -1966 
481 -1034 
483 -2006 
471 -2004 
481 -1980 
505 -1970 
473 -1010 
491 -1008 
473 -2000 
481 -1018 
513 -1998 
475 -1006 
489 -1008 
479 -2010 
511 -3974 
503 -984 
511 -1970 
483 -1018 
479 -1006 
503 -1962 
509 -1016 
479 -1006 
471 -2014 
485 -2000 
471 -1016 
505 -978 
505 -1004 
487 -1020 
477 -1016 
479 -1012 
489 -1008 
513 -1988 
457 -2012 
481 -1006 
473 -1016 
481 -2010 
471 -1000 
515 -1948 
505 -1020 
511 -1988 
459 -2012 
479 -1972 
483 -2016 
461 -1008 
503 -980 
511 -1966 
515 -990 
513 -2002 
475 -1008 
487 -1004 
473 -2004 
517 -3980 
505 -984 
511 -1970 
483 -1020 
481 -1008 
471 -2010 
487 -1006 
475 -1014 
503 -1978 
513 -1970 
513 -1002 
487 -1008 
481 -988 
513 -1008 
485 -1010 
483 -1018 
483 -992 
513 -1998 
471 -1980 
479 -1014 
497 -1016 
469 -2004 
475 -1004 
491 -2002 
477 -1004 
523 -1972 
487 -1976 
483 -2012 
485 -1968 
483 -1000 
517 -1010 
483 -1976 
491 -1010 
511 -1970 
515 -990 
481 -1008 
485 -1990 
529 -3994 
499 -1022 
479 -1994 
483 -998 
483 -1042 
447 -2012 
487 -1010 
481 -988 
513 -1966 
519 -1978 
507 -1012 
475 -1006 
473 -1028 
481 -998 
481 -1042 
447 -1020 
481 -1022 
515 -1970 
511 -1966 
485 -1034 
483 -990 
481 -1994 
481 -998 
517 -1966 
481 -1034 
519 -1972 
473 -2004 
481 -1982 
501 -1972 
475 -1004 
493 -1006 
479 -2006 
479 -1016 
511 -1970 
481 -1034 
487 -1008 
481 -1974 
529 -3988 
501 -980 
511 -1968 
483 -1020 
479 -1032 
473 -1978 
503 -978 
509 -1006 
471 -1994 
527 -1974 
469 -1042 
463 -1014 
479 -1014 
503 -984 
509 -978 
509 -1008 
471 -1032 
521 -1968 
487 -1982 
481 -1010 
483 -1020 
479 -1976 
497 -1016 
469 -2006 
473 -1008 
527 -1968 
501 -1976 
479 -2008 
477 -1974 
501 -1014 
467 -1010 
479 -2010 
479 -1018 
513 -1964 
513 -974 
515 -1008 
483 -1982 
505 -3998 
537 -992 
481 -2000 
481 -998 
481 -1010 
483 -1994 
491 -1008 
475 -1014 
503 -1972 
515 -2002 
479 -1004 
487 -1004 
475 -1014 
503 -1008 
477 -1016
481 -1012 
459 -1052 
509 -1956 
497 -1976 
507 -1010 
471 -1022 
479 -1974 
487 -1016 
489 -1964 
503 -1016 
503 -1976 
499 -1976 
479 -2006 
477 -1978 
503 -1020 
477 -982 
511 -1964 
485 -1020 
513 -1998 
475 -1010 
493 -1006 
473 -2004 
515 -3976 
541 -992 
483 -1996 
489 -1002 
481 -1008 
485 -1992 
491 -1010 
481 -1016 
473 -2012 
511 -1968 
481 -1028 
485 -1008 
481 -1022 
479 -1004 
489 -1008 
481 -1018 
483 -992 
517 -2002 
477 -1968 
481 -1032 
471 -1018 
501 -1966 
471 -1040 
477 -1974 
487 -1016 
523 -1970 
485 -2012 
447 -2010 
487 -1968 
481 -1038 
485 -1008 
481 -1974 
491 -1006 
507 -1992 
487 -1004 
481 -1008 
481 -2012 
525 -3986 
497 -1022 
481 -2002 
483 -996 
481 -1006 
485 -1994 
505 -978 
511 -1008 
471 -2008 
485 -2004 
475 -1004 
493 -1008 
479 -1018 
469 -1012 
493 -1010 
479 -1016 
473 -1020 
543 -1954 
497 -1974 
477 -1016 
499 -1010 
469 -1998 
471 -1008 
507 -1974 
501 -1014 
499 -1974 
499 -1976 
513 -1970 
481 -1970 
503 -1022 
477 -1016 
477 -1972 
515 -990 
515 -1970 
511 -1006 
485 -1008 
481 -157340 
65 -830 
131 -132 
133 -898 
131 -166 
133 -1826 
329 -66 
131 -134 
263 -134 
265 -100 
331 -166 
1825 -98 
14409 -14288 
133 -100 
97 -658 
497 -198 
461 -198 
325 -100 
163 -130 
2179 -12808 
261 -166 
163 -130 
65 -724 
129 -232 
65 -264 
97 -66 
131 -262 
65 -328 
65 -396 
297 -98 
327 -98 
163 -98 
229 -132 
623 -100 
1325 -64 
3549 -12000 
97 -130 
65 -1052 
131 -260 
227 -130 
1489 -132 
133 -166 
1027 -100 
18767 -13146 
165 -3256 
199 -166 
165 -66 
267 -466 
231 -528 
14783 -12480 
99 -294 
65 -3562 
527 -66 
133 -334 
233 -198 
67 -66 
297 -298 
1159 -132 
5959 -16328 
65 -234 
67 -100 
659 -66 
227 -522 
1391 -15180 
63 -2020 
67 -2280 
695 -66 
365 -166 
231 -298 
2319 -12138 
99 -4274 
65 -100 
297 -168 
365 -132 
299 -100 
429 -66 
1597 -100 
1965 -14982 
133 -134 
265 -266 
97 -100 
197 -232 
627 -100 
131 -100 
799 -68 
65 -68 
861 -64 
15763 -12128 
99 -66 
99 -1122 
99 -334 
65 -1562 
65 -756 
657 -66 
67 -168 
497 -132 
65 -232 
1969 -68 
14175 -12568 
65 -132 
295 -560 
99 -66 
229 -66 
327 -66 
261 -130 
18497 -14530 
197 -592 
163 -98 
163 -658 
397 -196 
195 -132 
363 -790 
99 -66 
293 -13240 
197 -2436 
195 -132 
65 -98 
361 -132 
131 -100 
301 -400 
199 -68 
1831 -98 
427 -12782 
97 -360 
195 -196 
65 -232 
299 -66 
265 -200 
295 -696 
265 -198 
593 -164 
263 -198 
1081 -12086 
99 -1586 
65 -296 
97 -132 
755 -164 
763 -100 
27601 -12916 
99 -130 
97 -3828 
461 -66 
263 -164 
2669 -13576 
65 -2306 
65 -622 
233 -100 
99 -362 
97 -330 
293 -134 
165 -100 
261 -132 
26051 -12538 
65 -566 
99 -302 
99 -830 
131 -500 
367 -66 
131 -466 
593 -68 
397 -66
429 -198 
693 -66 
15353 -10414 
165 -134 
99 -266 
331 -232 
99 -298 
65 -98 
497 -164 
99 -300 
331 -102 
199 -66 
199 -232 
1249 -66 
5801 -13016 
99 -366 
67 -2888 
97 -196 
361 -298 
31521 -12358 
457 -266 
633 -166 
131 -132 
527 -264 
197 -162 
131 -132 
197 -296 
829 -66 
229 -66 
855 -64 
7727 -10332 
65 -566 
265 -234 
167 -430 
65 -230 
493 -166 
97 -164 
295 -132 
99 -262 
463 -66 
629 -98 
2315 -16028 
99 -762 
99 -566 
457 -166 
65 -166 
133 -266 
265 -332 
365 -166 
4255 -12116 
99 -758 
463 -132 
65 -426 
65 -890 
97 -328 
65 -196 
97 -362 
65 -166 
589 -132 
195 -198 
261 -166 
659 -98 
335 -15660 
63 -66 
131 -1328 
97 -1098 
163 -932 
295 -270 
297 -168 
297 -68 
167 -100 
165 -434 
527 -66 
163 -15266 
67 -662 
165 -1924 
131 -198 
97 -890 
67 -130 
327 -100 
293 -132 
423 -66 
5595 -12982 
65 -766
